4455200000550002|2027|02|409
4455200000550002|2028|07|239
4455200000550002|2030|12|698
4455200000550002|2027|08|242
4455200000550002|2028|08|815
4455200000550002|2028|03|139
4455200000550002|2029|06|224
4455200000550002|2030|04|911
4455200000550002|2030|01|240
4455200000550002|2028|03|786
4455200000550002|2029|02|753
4455200000550002|2027|09|599
4455200000550002|2028|09|588
4455200000550002|2029|01|865
4455200000550002|2028|05|531
4455200000550002|2030|01|638
4455200000550002|2030|08|936
4455200000550002|2029|02|578
4455200000550002|2030|07|803
4455200000550002|2028|10|666
4455200000550002|2030|06|621
4455200000550002|2030|06|833
4455200000550002|2027|12|923
4455200000550002|2028|01|267
4455200000550002|2030|04|608
4455200000550002|2027|12|460
4455200000550002|2028|12|736
4455200000550002|2030|09|361
4455200000550002|2030|12|791
4455200000550002|2030|06|964
4455200000550002|2030|11|911
4455200000550002|2029|08|161
4455200000550002|2029|03|156
4455200000550002|2027|05|877
4455200000550002|2030|11|444
4455200000550002|2028|11|611
4455200000550002|2029|03|538
4455200000550002|2028|08|872
4455200000550002|2027|11|389
4455200000550002|2027|01|732
4455200000550002|2029|04|663
4455200000550002|2028|08|201
4455200000550002|2029|07|869
4455200000550002|2028|12|604
4455200000550002|2030|08|428
4455200000550002|2029|10|301
4455200000550002|2028|09|741
4455200000550002|2029|08|133
4455200000550002|2030|05|919
4455200000550002|2029|08|478
4455200000550002|2029|07|664
4455200000550002|2030|05|662
4455200000550002|2030|09|872
4455200000550002|2030|06|688
4455200000550002|2030|03|718
4455200000550002|2030|10|540
4455200000550002|2030|08|297
4455200000550002|2027|03|170
4455200000550002|2027|07|980
4455200000550002|2028|10|966
4455200000550002|2028|11|425
4455200000550002|2027|05|954
4455200000550002|2030|07|186
4455200000550002|2027|06|350
4455200000550002|2028|06|514
4455200000550002|2028|07|287
4455200000550002|2030|10|959
4455200000550002|2030|12|218
4455200000550002|2030|11|883
4455200000550002|2028|01|584
4455200000550002|2029|02|139
4455200000550002|2027|04|320
4455200000550002|2028|12|505
4455200000550002|2029|02|352
4455200000550002|2029|06|173
4455200000550002|2027|08|467
4455200000550002|2027|06|998
4455200000550002|2030|11|906
4455200000550002|2030|10|663
4455200000550002|2029|11|126
4455200000550002|2028|04|679
4455200000550002|2029|01|422
4455200000550002|2029|03|222
4455200000550002|2030|08|814
4455200000550002|2029|11|825
4455200000550002|2029|10|249
4455200000550002|2028|11|198
4455200000550002|2030|11|664
4455200000550002|2028|04|779
4455200000550002|2028|08|980
4455200000550002|2029|04|517
4455200000550002|2030|05|294
4455200000550002|2028|02|765
4455200000550002|2028|02|275
4455200000550002|2027|11|989
4455200000550002|2027|08|808
4455200000550002|2028|02|990
4455200000550002|2029|10|313
4455200000550002|2029|05|514
4455200000550002|2029|05|650
4455200000550002|2029|08|748
4455200000550002|2030|03|354
4455200000550002|2030|07|404
4455200000550002|2029|03|778
4455200000550002|2029|06|713
4455200000550002|2029|12|683
4455200000550002|2029|04|207
4455200000550002|2028|12|474
4455200000550002|2028|11|931
4455200000550002|2027|05|587
4455200000550002|2027|03|671
4455200000550002|2027|06|415
4455200000550002|2029|11|603
4455200000550002|2027|03|278
4455200000550002|2027|05|310
4455200000550002|2028|08|192
4455200000550002|2029|10|297
4455200000550002|2030|07|531
4455200000550002|2027|01|779
4455200000550002|2029|09|436
4455200000550002|2030|01|509
4455200000550002|2029|06|369
4455200000550002|2030|08|172
4455200000550002|2030|11|692
4455200000550002|2030|07|336
4455200000550002|2030|02|437
4455200000550002|2029|01|291
4455200000550002|2027|04|626
4455200000550002|2030|06|510
4455200000550002|2028|12|662
4455200000550002|2029|12|306
4455200000550002|2027|09|324
4455200000550002|2030|08|704
4455200000550002|2028|02|624
4455200000550002|2030|05|497
4455200000550002|2028|01|226
4455200000550002|2027|08|427
4455200000550002|2030|04|455
4455200000550002|2028|10|816
4455200000550002|2030|06|658
4455200000550002|2029|11|222
4455200000550002|2029|06|746
4455200000550002|2030|05|146
4455200000550002|2027|09|838
4455200000550002|2028|09|790
4455200000550002|2029|07|641
4455200000550002|2029|04|135
4455200000550002|2030|09|386
4455200000550002|2027|03|805
4455200000550002|2029|12|988
4455200000550002|2029|09|533
4455200000550002|2027|05|125
4455200000550002|2029|04|937
4455200000550002|2027|09|970
4455200000550002|2029|01|441
4455200000550002|2030|05|711
4455200000550002|2028|07|574
4455200000550002|2030|10|429
4455200000550002|2028|10|113
4455200000550002|2028|07|877
4455200000550002|2028|11|474
4455200000550002|2030|12|984
4455200000550002|2028|09|781
4455200000550002|2029|05|184
4455200000550002|2030|05|508
4455200000550002|2027|01|954
4455200000550002|2028|02|656
4455200000550002|2027|02|949
4455200000550002|2027|02|205
4455200000550002|2030|08|613
4455200000550002|2027|05|527
4455200000550002|2030|09|989
4455200000550002|2027|05|668
4455200000550002|2028|10|659
4455200000550002|2028|10|179
4455200000550002|2027|08|452
4455200000550002|2027|01|855
4455200000550002|2029|09|812
4455200000550002|2028|06|710
4455200000550002|2030|08|400
4455200000550002|2027|10|292
4455200000550002|2028|03|758
4455200000550002|2030|01|145
4455200000550002|2030|01|837
4455200000550002|2030|10|564
4455200000550002|2027|12|534
4455200000550002|2027|10|601
4455200000550002|2030|10|838
4455200000550002|2029|02|227
4455200000550002|2029|10|166
4455200000550002|2028|07|998
4455200000550002|2028|02|462
4455200000550002|2028|10|363
4455200000550002|2027|02|793
4455200000550002|2027|08|242
4455200000550002|2029|09|715
4455200000550002|2027|08|951
4455200000550002|2027|02|276
4455200000550002|2028|06|806
4455200000550002|2028|11|678
4455200000550002|2030|03|187
4455200000550002|2027|11|279
4455200000550002|2029|09|694
4455200000550002|2029|01|939
4455200000550002|2028|06|541
4455200000550002|2030|08|695
4455200000550002|2027|02|118
4455200000550002|2030|04|567
4455200000550002|2029|12|598
4455200000550002|2027|09|319
4455200000550002|2027|11|661
4455200000550002|2029|03|921
4455200000550002|2030|11|709
4455200000550002|2027|10|625
4455200000550002|2027|06|229
4455200000550002|2027|12|637
4455200000550002|2029|10|626
4455200000550002|2029|08|686
4455200000550002|2028|12|666
4455200000550002|2027|11|141
4455200000550002|2028|02|325
4455200000550002|2029|02|795
4455200000550002|2028|12|427
4455200000550002|2028|05|240
4455200000550002|2028|03|940
4455200000550002|2027|11|213
4455200000550002|2029|04|238
4455200000550002|2030|02|581
4455200000550002|2028|10|369
4455200000550002|2029|08|132
4455200000550002|2028|10|895
4455200000550002|2028|01|145
4455200000550002|2028|10|233
4455200000550002|2028|05|645
4455200000550002|2028|01|153
4455200000550002|2027|07|213
4455200000550002|2029|01|869
4455200000550002|2028|10|494
4455200000550002|2029|05|908
4455200000550002|2028|08|962
4455200000550002|2030|06|907
4455200000550002|2027|07|993
4455200000550002|2029|01|817
4455200000550002|2027|08|557
4455200000550002|2028|02|121
4455200000550002|2027|07|371
4455200000550002|2030|03|156
4455200000550002|2028|02|681
4455200000550002|2027|02|732
4455200000550002|2030|03|949
4455200000550002|2028|02|557
4455200000550002|2029|05|673
4455200000550002|2027|07|815
4455200000550002|2029|03|888
4455200000550002|2030|01|981
4455200000550002|2030|03|870
4455200000550002|2027|10|202
4455200000550002|2030|03|551
4455200000550002|2027|04|392
4455200000550002|2029|08|388
4455200000550002|2027|10|859
4455200000550002|2029|10|128
4455200000550002|2030|11|158
4455200000550002|2029|10|306
4455200000550002|2029|08|438
4455200000550002|2027|04|275
4455200000550002|2030|05|934
4455200000550002|2029|04|579
4455200000550002|2028|07|165
4455200000550002|2027|05|221
4455200000550002|2028|10|176
4455200000550002|2029|02|741
4455200000550002|2027|05|440
4455200000550002|2027|06|763
4455200000550002|2030|11|897
4455200000550002|2029|03|654
4455200000550002|2028|03|773
4455200000550002|2030|08|491
4455200000550002|2028|01|276
4455200000550002|2028|04|156
4455200000550002|2030|07|153
4455200000550002|2027|12|315
4455200000550002|2030|03|355
4455200000550002|2028|05|735
4455200000550002|2029|10|497
4455200000550002|2027|05|157
4455200000550002|2028|11|466
4455200000550002|2029|05|344
4455200000550002|2027|12|810
4455200000550002|2028|03|603
4455200000550002|2028|01|871
4455200000550002|2027|11|563
4455200000550002|2027|02|621
4455200000550002|2029|06|132
4455200000550002|2030|03|315
4455200000550002|2027|11|541
4455200000550002|2027|03|601
4455200000550002|2029|05|322
4455200000550002|2027|09|980
4455200000550002|2030|11|955
4455200000550002|2030|06|755
4455200000550002|2030|03|524
4455200000550002|2027|10|439
4455200000550002|2027|12|548
4455200000550002|2027|11|143
4455200000550002|2028|02|989
4455200000550002|2030|10|714
4455200000550002|2029|07|574
4455200000550002|2027|04|533
4455200000550002|2029|10|537
4455200000550002|2028|12|310
4455200000550002|2027|04|487
4455200000550002|2027|11|840
4455200000550002|2028|11|126
4455200000550002|2030|12|323
4455200000550002|2030|09|267
4455200000550002|2028|03|382
4455200000550002|2030|09|473
4455200000550002|2029|05|940
4455200000550002|2030|02|122
4455200000550002|2029|10|148
4455200000550002|2028|11|798
4455200000550002|2029|06|354
4455200000550002|2028|12|532
4455200000550002|2028|06|687
4455200000550002|2027|02|192
4455200000550002|2027|04|411
4455200000550002|2027|01|166
4455200000550002|2028|06|919
4455200000550002|2029|04|693
4455200000550002|2028|05|790
4455200000550002|2028|06|502
4455200000550002|2028|10|122
4455200000550002|2027|03|942
4455200000550002|2029|05|559
4455200000550002|2027|06|160
4455200000550002|2028|09|276
4455200000550002|2027|10|480
4455200000550002|2028|03|361
4455200000550002|2027|12|738
4455200000550002|2028|05|258
4455200000550002|2029|08|897
4455200000550002|2027|01|975
4455200000550002|2030|07|309
4455200000550002|2028|10|803
4455200000550002|2027|12|302
4455200000550002|2030|08|551
4455200000550002|2028|10|216
4455200000550002|2029|04|720
4455200000550002|2028|11|724
4455200000550002|2027|08|771
4455200000550002|2027|01|288
4455200000550002|2027|11|413
4455200000550002|2027|10|446
4455200000550002|2029|01|923
4455200000550002|2029|06|691
4455200000550002|2029|01|492
4455200000550002|2027|10|469
4455200000550002|2027|09|940
4455200000550002|2028|09|751
4455200000550002|2030|12|858
4455200000550002|2028|08|875
4455200000550002|2027|02|993
4455200000550002|2028|08|257
4455200000550002|2029|06|380
4455200000550002|2028|02|703
4455200000550002|2029|04|962
4455200000550002|2028|02|466
4455200000550002|2029|02|310
4455200000550002|2028|10|633
4455200000550002|2030|09|669
4455200000550002|2030|07|798
4455200000550002|2029|11|380
4455200000550002|2030|12|372
4455200000550002|2028|10|413
4455200000550002|2027|02|482
4455200000550002|2030|05|290
4455200000550002|2027|12|369
4455200000550002|2029|01|615
4455200000550002|2027|12|943
4455200000550002|2030|01|123
4455200000550002|2029|05|135
4455200000550002|2028|10|433
4455200000550002|2029|09|660
4455200000550002|2030|08|759
4455200000550002|2029|07|574
4455200000550002|2028|11|326
4455200000550002|2030|01|241
4455200000550002|2030|08|902
4455200000550002|2027|09|713
4455200000550002|2027|10|988
4455200000550002|2028|08|889
4455200000550002|2030|01|794
4455200000550002|2028|08|871
4455200000550002|2027|10|723
4455200000550002|2027|06|376
4455200000550002|2028|04|873
4455200000550002|2028|04|382
4455200000550002|2028|04|113
4455200000550002|2027|12|525
4455200000550002|2027|03|173
4455200000550002|2027|06|215
4455200000550002|2027|06|991
4455200000550002|2029|06|572
4455200000550002|2030|07|494
4455200000550002|2029|07|519
4455200000550002|2028|03|296
4455200000550002|2030|01|365
4455200000550002|2027|12|870
4455200000550002|2027|12|654
4455200000550002|2029|02|211
4455200000550002|2028|11|572
4455200000550002|2029|05|943
4455200000550002|2029|06|591
4455200000550002|2030|08|211
4455200000550002|2028|07|441
4455200000550002|2030|12|684
4455200000550002|2027|04|287
4455200000550002|2027|08|394
4455200000550002|2027|01|792
4455200000550002|2030|04|625
4455200000550002|2028|02|138
4455200000550002|2027|08|679
4455200000550002|2027|04|253
4455200000550002|2027|06|640
4455200000550002|2030|07|212
4455200000550002|2028|12|260
4455200000550002|2029|03|667
4455200000550002|2028|08|340
4455200000550002|2030|07|472
4455200000550002|2028|05|394
4455200000550002|2029|12|997
4455200000550002|2029|10|938
4455200000550002|2028|05|893
4455200000550002|2030|08|167
4455200000550002|2029|01|825
4455200000550002|2029|04|895
4455200000550002|2030|12|780
4455200000550002|2028|10|436
4455200000550002|2030|06|583
4455200000550002|2030|06|260
4455200000550002|2028|07|394
4455200000550002|2028|10|662
4455200000550002|2028|09|726
4455200000550002|2030|12|985
4455200000550002|2028|04|188
4455200000550002|2030|03|497
4455200000550002|2030|09|688
4455200000550002|2029|01|324
4455200000550002|2030|09|439
4455200000550002|2028|07|408
4455200000550002|2029|02|952
4455200000550002|2028|02|525
4455200000550002|2030|03|181
4455200000550002|2030|08|992
4455200000550002|2029|10|865
4455200000550002|2027|02|548
4455200000550002|2030|01|867
4455200000550002|2028|12|690
4455200000550002|2029|01|720
4455200000550002|2028|01|816
4455200000550002|2027|04|173
4455200000550002|2027|08|297
4455200000550002|2028|10|198
4455200000550002|2027|06|878
4455200000550002|2030|05|507
4455200000550002|2029|05|581
4455200000550002|2030|02|962
4455200000550002|2029|02|780
4455200000550002|2027|09|727
4455200000550002|2030|04|339
4455200000550002|2027|07|946
4455200000550002|2029|04|601
4455200000550002|2029|02|901
4455200000550002|2030|03|612
4455200000550002|2028|05|747
4455200000550002|2030|06|728
4455200000550002|2030|04|502
4455200000550002|2027|08|391
4455200000550002|2030|06|932
4455200000550002|2029|02|677
4455200000550002|2030|11|996
4455200000550002|2029|10|686
4455200000550002|2029|02|520
4455200000550002|2030|06|966
4455200000550002|2027|03|344
4455200000550002|2028|03|915
4455200000550002|2029|06|668
4455200000550002|2028|01|495
4455200000550002|2028|05|462
4455200000550002|2027|08|986
4455200000550002|2028|12|413
4455200000550002|2030|02|366
4455200000550002|2028|06|803
4455200000550002|2027|03|134
4455200000550002|2028|01|326
4455200000550002|2029|11|774
4455200000550002|2030|01|218
4455200000550002|2029|02|832
4455200000550002|2027|03|308
4455200000550002|2028|05|444
4455200000550002|2027|10|860
4455200000550002|2027|02|965
4455200000550002|2030|09|661
4455200000550002|2030|07|965
4455200000550002|2028|08|904
4455200000550002|2029|09|309
4455200000550002|2027|06|483
4455200000550002|2028|05|586
4455200000550002|2028|04|390
4455200000550002|2029|07|842
4455200000550002|2028|10|241
4455200000550002|2027|01|252
4455200000550002|2029|10|373
4455200000550002|2028|11|390
4455200000550002|2030|04|504
4455200000550002|2028|01|672
4455200000550002|2027|02|591
4455200000550002|2028|12|252
4455200000550002|2027|07|836
4455200000550002|2027|05|401
4455200000550002|2027|07|969
4455200000550002|2030|08|350
4455200000550002|2027|12|272
4455200000550002|2027|01|874
4455200000550002|2028|03|574
4455200000550002|2027|07|626
4455200000550002|2027|05|727
4455200000550002|2030|11|838
4455200000550002|2030|03|493
4455200000550002|2030|11|804
4455200000550002|2028|10|487
4455200000550002|2030|08|141
4455200000550002|2027|11|538
4455200000550002|2030|12|744
4455200000550002|2029|04|744
4455200000550002|2030|04|954
4455200000550002|2030|02|480
4455200000550002|2029|02|408
4455200000550002|2028|02|888
4455200000550002|2027|12|692
4455200000550002|2028|11|640
4455200000550002|2030|03|911
4455200000550002|2027|08|800
4455200000550002|2027|06|862
4455200000550002|2028|05|880
4455200000550002|2029|11|968
4455200000550002|2028|09|674
4455200000550002|2029|05|542
4455200000550002|2030|04|475
4455200000550002|2027|01|636
4455200000550002|2027|04|424
4455200000550002|2030|05|398
4455200000550002|2029|12|698
4455200000550002|2027|12|683
4455200000550002|2028|02|133
4455200000550002|2027|07|159
4455200000550002|2029|05|607
4455200000550002|2030|10|180
4455200000550002|2028|08|535
4455200000550002|2029|04|256
4455200000550002|2028|10|168
4455200000550002|2029|11|618
4455200000550002|2029|08|943
4455200000550002|2029|09|466
4455200000550002|2030|06|245
4455200000550002|2029|12|660
4455200000550002|2029|11|829
4455200000550002|2027|08|995
4455200000550002|2027|05|887
4455200000550002|2027|04|924
4455200000550002|2030|07|421
4455200000550002|2030|08|678
4455200000550002|2029|01|942
4455200000550002|2030|10|420
4455200000550002|2029|09|651
4455200000550002|2029|05|366
4455200000550002|2030|09|455
4455200000550002|2027|03|441
4455200000550002|2027|09|720
4455200000550002|2029|06|463
4455200000550002|2028|04|282
4455200000550002|2030|02|851
4455200000550002|2028|11|235
4455200000550002|2027|01|888
4455200000550002|2030|01|758
4455200000550002|2028|11|193
4455200000550002|2027|11|589
4455200000550002|2027|05|824
4455200000550002|2029|07|451
4455200000550002|2030|04|293
4455200000550002|2027|09|523
4455200000550002|2030|05|179
4455200000550002|2027|08|393
4455200000550002|2027|11|248
4455200000550002|2027|08|472
4455200000550002|2027|01|178
4455200000550002|2030|12|637
4455200000550002|2027|01|462
4455200000550002|2029|08|540
4455200000550002|2027|01|398
4455200000550002|2029|03|642
4455200000550002|2029|12|276
4455200000550002|2029|12|798
4455200000550002|2027|09|952
4455200000550002|2029|11|687
4455200000550002|2028|06|627
4455200000550002|2028|11|275
4455200000550002|2028|08|587
4455200000550002|2027|02|244
4455200000550002|2027|10|724
4455200000550002|2030|04|714
4455200000550002|2030|06|203
4455200000550002|2027|05|517
4455200000550002|2029|10|662
4455200000550002|2030|11|756
4455200000550002|2027|06|944
4455200000550002|2029|10|448
4455200000550002|2027|12|588
4455200000550002|2027|12|613
4455200000550002|2027|11|403
4455200000550002|2029|02|185
4455200000550002|2030|07|691
4455200000550002|2030|02|657
4455200000550002|2028|08|199
4455200000550002|2027|11|275
4455200000550002|2028|05|210
4455200000550002|2030|03|706
4455200000550002|2028|09|797
4455200000550002|2029|05|611
4455200000550002|2030|07|177
4455200000550002|2027|04|134
4455200000550002|2029|04|977
4455200000550002|2030|03|944
4455200000550002|2027|05|175
4455200000550002|2027|02|460
4455200000550002|2028|06|373
4455200000550002|2030|11|450
4455200000550002|2028|08|807
4455200000550002|2028|10|917
4455200000550002|2029|03|487
4455200000550002|2030|04|252
4455200000550002|2030|01|507
4455200000550002|2029|05|191
4455200000550002|2028|05|305
4455200000550002|2028|06|730
4455200000550002|2029|08|515
4455200000550002|2028|02|864
4455200000550002|2030|09|170
4455200000550002|2027|05|698
4455200000550002|2028|02|392
4455200000550002|2029|03|150
4455200000550002|2029|12|787
4455200000550002|2028|02|974
4455200000550002|2030|03|208
4455200000550002|2030|08|206
4455200000550002|2028|02|347
4455200000550002|2027|11|875
4455200000550002|2028|04|329
4455200000550002|2030|09|345
4455200000550002|2030|01|902
4455200000550002|2030|06|961
4455200000550002|2027|11|293
4455200000550002|2028|11|205
4455200000550002|2027|05|161
4455200000550002|2028|01|150
4455200000550002|2027|03|588
4455200000550002|2030|01|252
4455200000550002|2028|08|414
4455200000550002|2029|05|226
4455200000550002|2029|03|159
4455200000550002|2030|09|462
4455200000550002|2029|09|493
4455200000550002|2027|08|671
4455200000550002|2028|09|953
4455200000550002|2028|06|368
4455200000550002|2028|10|341
4455200000550002|2029|05|894
4455200000550002|2029|12|275
4455200000550002|2027|09|228
4455200000550002|2030|04|550
4455200000550002|2030|06|668
4455200000550002|2029|12|991
4455200000550002|2028|09|636
4455200000550002|2030|05|822
4455200000550002|2030|03|574
4455200000550002|2028|10|385
4455200000550002|2030|02|581
4455200000550002|2030|11|509
4455200000550002|2030|07|593
4455200000550002|2029|05|835
4455200000550002|2030|12|499
4455200000550002|2027|06|834
4455200000550002|2030|04|903
4455200000550002|2028|01|299
4455200000550002|2029|11|919
4455200000550002|2030|11|229
4455200000550002|2027|08|479
4455200000550002|2027|12|279
4455200000550002|2029|01|252
4455200000550002|2030|07|341
4455200000550002|2029|02|512
4455200000550002|2030|08|394
4455200000550002|2028|08|129
4455200000550002|2027|06|704
4455200000550002|2029|08|255
4455200000550002|2029|09|169
4455200000550002|2030|03|189
4455200000550002|2030|11|755
4455200000550002|2030|04|285
4455200000550002|2027|06|225
4455200000550002|2028|10|411
4455200000550002|2028|06|493
4455200000550002|2030|09|189
4455200000550002|2029|04|497
4455200000550002|2028|03|397
4455200000550002|2029|05|878
4455200000550002|2030|01|421
4455200000550002|2028|05|921
4455200000550002|2027|04|330
4455200000550002|2030|07|640
4455200000550002|2030|08|460
4455200000550002|2029|07|603
4455200000550002|2027|05|212
4455200000550002|2028|03|550
4455200000550002|2030|06|349
4455200000550002|2027|11|229
4455200000550002|2027|06|951
4455200000550002|2027|11|224
4455200000550002|2029|01|407
4455200000550002|2030|01|429
4455200000550002|2027|01|295
4455200000550002|2029|02|364
4455200000550002|2029|12|945
4455200000550002|2027|03|573
4455200000550002|2028|04|219
4455200000550002|2030|04|458
4455200000550002|2028|10|821
4455200000550002|2029|09|914
4455200000550002|2030|04|222
4455200000550002|2028|07|786
4455200000550002|2029|04|217
4455200000550002|2028|03|356
4455200000550002|2029|09|261
4455200000550002|2029|09|145
4455200000550002|2030|03|995
4455200000550002|2029|04|207
4455200000550002|2028|10|400
4455200000550002|2027|03|746
4455200000550002|2030|08|270
4455200000550002|2029|03|677
4455200000550002|2030|11|601
4455200000550002|2030|11|804
4455200000550002|2029|06|117
4455200000550002|2028|03|472
4455200000550002|2028|02|417
4455200000550002|2029|08|853
4455200000550002|2030|04|888
4455200000550002|2029|03|864
4455200000550002|2028|03|307
4455200000550002|2028|04|199
4455200000550002|2027|07|934
4455200000550002|2028|05|200
4455200000550002|2029|11|372
4455200000550002|2027|11|328
4455200000550002|2030|08|754
4455200000550002|2029|12|331
4455200000550002|2029|06|383
4455200000550002|2027|01|733
4455200000550002|2027|02|651
4455200000550002|2027|05|220
4455200000550002|2027|03|342
4455200000550002|2027|11|751
4455200000550002|2028|09|590
4455200000550002|2027|01|397
4455200000550002|2030|12|149
4455200000550002|2030|11|980
4455200000550002|2030|12|706
4455200000550002|2030|06|303
4455200000550002|2028|06|645
4455200000550002|2029|03|673
4455200000550002|2030|01|908
4455200000550002|2028|12|981
4455200000550002|2027|08|992
4455200000550002|2029|05|713
4455200000550002|2030|03|591
4455200000550002|2028|03|690
4455200000550002|2030|10|470
4455200000550002|2030|01|289
4455200000550002|2028|05|408
4455200000550002|2029|02|312
4455200000550002|2030|09|483
4455200000550002|2029|06|197
4455200000550002|2028|04|935
4455200000550002|2030|09|300
4455200000550002|2030|11|875
4455200000550002|2029|04|366
4455200000550002|2028|04|427
4455200000550002|2030|04|861
4455200000550002|2029|09|514
4455200000550002|2029|11|150
4455200000550002|2028|12|793
4455200000550002|2027|04|282
4455200000550002|2028|06|918
4455200000550002|2028|02|737
4455200000550002|2027|05|445
4455200000550002|2029|06|991
4455200000550002|2028|10|157
4455200000550002|2029|05|733
4455200000550002|2030|01|465
4455200000550002|2030|07|354
4455200000550002|2029|05|280
4455200000550002|2029|04|589
4455200000550002|2030|12|508
4455200000550002|2029|10|459
4455200000550002|2027|12|995
4455200000550002|2027|03|671
4455200000550002|2029|09|487
4455200000550002|2027|11|725
4455200000550002|2028|10|618
4455200000550002|2029|05|453
4455200000550002|2029|01|601
4455200000550002|2030|06|808
4455200000550002|2028|03|518
4455200000550002|2029|04|909
4455200000550002|2028|05|242
4455200000550002|2027|12|856
4455200000550002|2029|09|695
4455200000550002|2028|07|693
4455200000550002|2028|12|116
4455200000550002|2027|05|884
4455200000550002|2029|05|348
4455200000550002|2029|10|893
4455200000550002|2030|01|153
4455200000550002|2028|09|873
4455200000550002|2028|05|677
4455200000550002|2028|03|861
4455200000550002|2027|09|368
4455200000550002|2030|01|750
4455200000550002|2030|06|337
4455200000550002|2030|11|390
4455200000550002|2029|06|607
4455200000550002|2027|04|148
4455200000550002|2029|12|660
4455200000550002|2030|04|816
4455200000550002|2030|06|278
4455200000550002|2029|10|960
4455200000550002|2030|10|695
4455200000550002|2027|12|449
4455200000550002|2028|03|645
4455200000550002|2030|08|976
4455200000550002|2029|07|488
4455200000550002|2029|12|708
4455200000550002|2028|06|974
4455200000550002|2030|03|733
4455200000550002|2028|04|324
4455200000550002|2028|09|915
4455200000550002|2028|06|638
4455200000550002|2027|05|523
4455200000550002|2029|07|878
4455200000550002|2030|12|524
4455200000550002|2028|10|316
4455200000550002|2028|01|174
4455200000550002|2030|03|555
4455200000550002|2029|01|702
4455200000550002|2030|09|971
4455200000550002|2029|08|115
4455200000550002|2030|02|861
4455200000550002|2027|01|200
4455200000550002|2029|10|875
4455200000550002|2027|08|219
4455200000550002|2027|06|513
4455200000550002|2029|12|525
4455200000550002|2029|08|737
4455200000550002|2030|06|289
4455200000550002|2028|12|322
4455200000550002|2030|02|657
4455200000550002|2029|12|676
4455200000550002|2029|11|290
4455200000550002|2027|02|302
4455200000550002|2028|04|429
4455200000550002|2027|01|914
4455200000550002|2027|09|145
4455200000550002|2030|09|122
4455200000550002|2029|08|128
4455200000550002|2028|10|669
4455200000550002|2030|08|393
4455200000550002|2028|02|738
4455200000550002|2029|09|629
4455200000550002|2030|12|287
4455200000550002|2028|01|901
4455200000550002|2029|04|389
4455200000550002|2027|01|136
4455200000550002|2028|03|753
4455200000550002|2029|02|924
4455200000550002|2029|07|606
4455200000550002|2027|07|411
4455200000550002|2028|09|628
4455200000550002|2029|05|332
4455200000550002|2029|03|708
4455200000550002|2028|09|724
4455200000550002|2030|06|492
4455200000550002|2030|09|375
4455200000550002|2030|02|326
4455200000550002|2029|07|670
4455200000550002|2027|05|914
4455200000550002|2028|03|656
4455200000550002|2030|08|484
4455200000550002|2029|02|710
4455200000550002|2029|01|533
4455200000550002|2027|05|438
4455200000550002|2027|08|720
4455200000550002|2030|08|239
4455200000550002|2028|07|938
4455200000550002|2030|03|519
4455200000550002|2029|01|848
4455200000550002|2030|06|164
4455200000550002|2029|01|112
4455200000550002|2030|04|928
4455200000550002|2028|02|170
4455200000550002|2028|07|205
4455200000550002|2030|10|812
4455200000550002|2028|02|505
4455200000550002|2028|03|914
4455200000550002|2030|07|753
4455200000550002|2029|08|425
4455200000550002|2030|04|933
4455200000550002|2028|03|654
4455200000550002|2030|01|276
4455200000550002|2029|12|837
4455200000550002|2029|10|515
4455200000550002|2028|07|912
4455200000550002|2028|01|924
4455200000550002|2028|01|992
4455200000550002|2029|09|818
4455200000550002|2029|01|650
4455200000550002|2030|11|244
4455200000550002|2029|05|267
4455200000550002|2028|07|462
4455200000550002|2030|07|736
4455200000550002|2027|05|384
4455200000550002|2030|03|400
4455200000550002|2027|10|862
4455200000550002|2029|08|642
4455200000550002|2029|03|684
4455200000550002|2030|04|606
4455200000550002|2030|06|774
4455200000550002|2030|06|329
4455200000550002|2029|12|560
4455200000550002|2028|07|277
4455200000550002|2028|12|239
4455200000550002|2027|04|275
4455200000550002|2029|01|333
4455200000550002|2028|07|746
4455200000550002|2027|05|758
4455200000550002|2027|06|299
4455200000550002|2029|05|392
4455200000550002|2030|03|199
4455200000550002|2028|05|690
4455200000550002|2028|10|250
4455200000550002|2030|04|723
4455200000550002|2027|10|485
4455200000550002|2030|07|451
4455200000550002|2030|01|203
4455200000550002|2028|07|667
4455200000550002|2029|10|841
4455200000550002|2027|09|629
4455200000550002|2030|07|271
4455200000550002|2028|08|543
4455200000550002|2030|12|998
4455200000550002|2029|03|738
4455200000550002|2029|06|319
4455200000550002|2029|11|729
4455200000550002|2030|05|667
4455200000550002|2029|02|356
4455200000550002|2029|11|810
4455200000550002|2028|10|414
4455200000550002|2029|02|780
4455200000550002|2028|01|900
4455200000550002|2030|05|739
4455200000550002|2030|03|762
4455200000550002|2027|12|457
4455200000550002|2029|11|232
4455200000550002|2030|12|117
4455200000550002|2027|09|518
4455200000550002|2028|04|739
4455200000550002|2027|12|148
4455200000550002|2027|12|579
4455200000550002|2029|05|367
4455200000550002|2029|08|520
4455200000550002|2027|02|554
4455200000550002|2030|05|331
4455200000550002|2030|08|349
4455200000550002|2027|10|814
4455200000550002|2027|10|471
4455200000550002|2030|10|338
4455200000550002|2030|06|713
4455200000550002|2029|12|224
4455200000550002|2030|07|937
4455200000550002|2030|03|651
